Date,New Cases,New Deaths,New Recovered,New Tests,Total Cases,Total Deaths,Total Recovered,Total Active,Total Tests,Death/Cases (%),Death/Recovered,Cases/Tests(%),Cases/1M Pop.,Deaths/1M Pop.
2020-03-08,3,0,0,120,3,0,0,3,120,0.0000,0.0000,2.5000,0.0167,0.0000
2020-03-09,0,0,0,7,3,0,0,3,127,0.0000,0.0000,2.3622,0.0167,0.0000
2020-03-10,0,0,0,10,3,0,0,3,137,0.0000,0.0000,2.1898,0.0167,0.0000
2020-03-11,0,0,0,10,3,0,0,3,147,0.0000,0.0000,2.0408,0.0167,0.0000
2020-03-12,0,0,0,16,3,0,0,3,163,0.0000,0.0000,1.8405,0.0167,0.0000
2020-03-13,0,0,0,24,3,0,0,3,187,0.0000,0.0000,1.6043,0.0167,0.0000
2020-03-14,0,0,0,24,3,0,0,3,211,0.0000,0.0000,1.4218,0.0167,0.0000
2020-03-15,2,0,0,30,5,0,0,5,241,0.0000,0.0000,2.0747,0.0278,0.0000
2020-03-16,3,0,0,27,8,0,0,8,268,0.0000,0.0000,2.9851,0.0444,0.0000
2020-03-17,2,0,0,49,10,0,0,10,317,0.0000,0.0000,3.1546,0.0556,0.0000
2020-03-18,4,1,3,49,14,1,3,10,366,7.1429,0.3333,3.8251,0.0778,0.0056
2020-03-19,3,0,0,46,17,1,3,13,412,5.8824,0.3333,4.1262,0.0944,0.0056
2020-03-20,3,0,0,36,20,1,3,16,448,5.0000,0.3333,4.4643,0.1111,0.0056
2020-03-21,4,0,0,36,24,1,3,20,484,4.1667,0.3333,4.9587,0.1333,0.0056
2020-03-22,4,1,0,65,28,2,3,23,549,7.1429,0.6667,5.1002,0.1556,0.0111
2020-03-23,5,0,0,56,33,2,3,28,605,6.0606,0.6667,5.4545,0.1833,0.0111
2020-03-24,6,1,2,92,39,3,5,31,697,7.6923,0.6000,5.5954,0.2167,0.0167
2020-03-25,0,2,2,82,39,5,7,27,779,12.8205,0.7143,5.0064,0.2167,0.0278
2020-03-26,5,0,4,126,44,5,11,28,905,11.3636,0.4545,4.8619,0.2444,0.0278
2020-03-27,4,0,0,106,48,5,11,32,1011,10.4167,0.4545,4.7478,0.2667,0.0278
2020-03-28,0,0,4,47,48,5,15,28,1058,10.4167,0.3333,4.5369,0.2667,0.0278
2020-03-29,0,0,0,109,48,5,15,28,1167,10.4167,0.3333,4.1131,0.2667,0.0278
2020-03-30,1,0,4,153,49,5,19,25,1320,10.2041,0.2632,3.7121,0.2722,0.0278
2020-03-31,2,0,6,140,51,5,25,21,1460,9.8039,0.2000,3.4932,0.2833,0.0278
2020-04-01,3,1,1,157,54,6,26,22,1617,11.1111,0.2308,3.3395,0.3000,0.0333
2020-04-02,2,0,0,141,56,6,26,24,1758,10.7143,0.2308,3.1854,0.3111,0.0333
2020-04-03,5,0,0,203,61,6,26,29,1961,9.8361,0.2308,3.1107,0.3389,0.0333
2020-04-04,9,2,4,434,70,8,30,32,2395,11.4286,0.2667,2.9228,0.3889,0.0444
2020-04-05,18,1,0,367,88,9,30,49,2762,10.2273,0.3000,3.1861,0.4889,0.0500
2020-04-06,35,3,3,468,123,12,33,78,3230,9.7561,0.3636,3.8080,0.6833,0.0667
2020-04-07,41,5,0,679,164,17,33,114,3909,10.3659,0.5152,4.1954,0.9111,0.0944
2020-04-08,54,3,0,981,218,20,33,165,4890,9.1743,0.6061,4.4581,1.2111,0.1111
2020-04-09,112,1,0,905,330,21,33,276,5795,6.3636,0.6364,5.6946,1.8333,0.1167
2020-04-10,94,6,0,1184,424,27,33,364,6979,6.3679,0.8182,6.0754,2.3556,0.1500
2020-04-11,58,3,3,954,482,30,36,416,7933,6.2241,0.8333,6.0759,2.6778,0.1667
2020-04-12,139,4,3,1340,621,34,39,548,9273,5.4750,0.8718,6.6969,3.4500,0.1889
2020-04-13,182,5,3,1570,803,39,42,722,10843,4.8568,0.9286,7.4057,4.4611,0.2167
2020-04-14,209,7,0,1905,1012,46,42,924,12748,4.5455,1.0952,7.9385,5.6222,0.2556
2020-04-15,219,4,7,1740,1231,50,49,1132,14488,4.0617,1.0204,8.4967,6.8389,0.2778
2020-04-16,341,10,0,2135,1572,60,49,1463,16623,3.8168,1.2245,9.4568,8.7333,0.3333
2020-04-17,266,15,9,2190,1838,75,58,1705,18813,4.0805,1.2931,9.7698,10.2111,0.4167
2020-04-18,306,9,8,2106,2144,84,66,1994,20919,3.9179,1.2727,10.2491,11.9111,0.4667
2020-04-19,312,7,9,2634,2456,91,75,2290,23553,3.7052,1.2133,10.4275,13.6444,0.5056
2020-04-20,492,10,10,2779,2948,101,85,2762,26332,3.4261,1.1882,11.1955,16.3778,0.5611
2020-04-21,434,9,2,2974,3382,110,87,3185,29306,3.2525,1.2644,11.5403,18.7889,0.6111
2020-04-22,390,10,5,3096,3772,120,92,3560,32402,3.1813,1.3043,11.6413,20.9556,0.6667
2020-04-23,410,7,16,3416,4182,127,108,3947,35818,3.0368,1.1759,11.6757,23.2333,0.7056
2020-04-24,507,4,4,3686,4689,131,112,4446,39504,2.7938,1.1696,11.8697,26.0500,0.7278
2020-04-25,309,9,1,3337,4998,140,113,4745,42841,2.8011,1.2389,11.6664,27.7667,0.7778
2020-04-26,418,5,9,3476,5416,145,122,5149,46317,2.6773,1.1885,11.6933,30.0889,0.8056
2020-04-27,497,7,9,3812,5913,152,131,5630,50129,2.5706,1.1603,11.7956,32.8500,0.8444
2020-04-28,549,3,8,4332,6462,155,139,6168,54461,2.3986,1.1151,11.8654,35.9000,0.8611
2020-04-29,641,8,11,4968,7103,163,150,6790,59429,2.2948,1.0867,11.9521,39.4611,0.9056
2020-04-30,564,5,10,4965,7667,168,160,7339,64394,2.1912,1.0500,11.9064,42.5944,0.9333
2020-05-01,571,2,14,5573,8238,170,174,7894,69967,2.0636,0.9770,11.7741,45.7667,0.9444
2020-05-02,552,5,3,5827,8790,175,177,8438,75794,1.9909,0.9887,11.5972,48.8333,0.9722
2020-05-03,665,2,886,5368,9455,177,1063,8215,81162,1.8720,0.1665,11.6495,52.5278,0.9833
2020-05-04,688,5,146,6207,10143,182,1209,8752,87369,1.7943,0.1505,11.6094,56.3500,1.0111
2020-05-05,786,1,194,5711,10929,183,1403,9343,93080,1.6744,0.1304,11.7415,60.7167,1.0167
2020-05-06,790,3,377,6241,11719,186,1780,9753,99321,1.5872,0.1045,11.7991,65.1056,1.0333
2020-05-07,706,13,130,5867,12425,199,1910,10316,105188,1.6016,0.1042,11.8122,69.0278,1.1056
2020-05-08,709,7,191,5941,13134,206,2101,10827,111129,1.5684,0.0980,11.8187,72.9667,1.1444
2020-05-09,636,8,313,5465,13770,214,2414,11142,116594,1.5541,0.0886,11.8102,76.5000,1.1889
2020-05-10,887,14,236,5738,14657,228,2650,11779,122332,1.5556,0.0860,11.9813,81.4278,1.2667
2020-05-11,1034,11,252,7208,15691,239,2902,12550,129540,1.5232,0.0824,12.1129,87.1722,1.3278
2020-05-12,969,11,245,6773,16660,250,3147,13263,136313,1.5006,0.0794,12.2219,92.5556,1.3889
2020-05-13,1162,19,214,7900,17822,269,3361,14192,144213,1.5094,0.0800,12.3581,99.0111,1.4944
2020-05-14,1041,14,242,7392,18863,283,3603,14977,151605,1.5003,0.0785,12.4422,104.7944,1.5722
2020-05-15,1202,15,279,8582,20065,298,3882,15885,160187,1.4852,0.0768,12.5260,111.4722,1.6556
2020-05-16,930,16,235,6782,20995,314,4117,16564,166969,1.4956,0.0763,12.5742,116.6389,1.7444
2020-05-17,1273,14,256,8114,22268,328,4373,17567,175083,1.4730,0.0750,12.7185,123.7111,1.8222
2020-05-18,1602,21,212,9788,23870,349,4585,18936,184871,1.4621,0.0761,12.9117,132.6111,1.9389
2020-05-19,1251,21,408,8449,25121,370,4993,19758,193320,1.4729,0.0741,12.9945,139.5611,2.0556
2020-05-20,1617,16,214,10207,26738,386,5207,21145,203527,1.4436,0.0741,13.1373,148.5444,2.1444
2020-05-21,1773,22,395,10262,28511,408,5602,22501,213789,1.4310,0.0728,13.3360,158.3944,2.2667
2020-05-22,1694,24,588,9727,30205,432,6190,23583,223516,1.4302,0.0698,13.5136,167.8056,2.4000
2020-05-23,1873,20,296,10834,32078,452,6486,25140,234350,1.4091,0.0697,13.6881,178.2111,2.5111
2020-05-24,1532,28,415,8908,33610,480,6901,26229,243258,1.4281,0.0696,13.8166,186.7222,2.6667
2020-05-25,1975,21,433,9451,35585,501,7334,27750,252709,1.4079,0.0683,14.0814,197.6944,2.7833
2020-05-26,1166,21,245,5407,36751,522,7579,28650,258116,1.4204,0.0689,14.2382,204.1722,2.9000
2020-05-27,1541,22,346,8015,38292,544,7925,29823,266131,1.4207,0.0686,14.3884,212.7333,3.0222
2020-05-28,2029,15,500,9310,40321,559,8425,31337,275441,1.3864,0.0664,14.6387,224.0056,3.1056
2020-05-29,2523,23,590,11301,42844,582,9015,33247,286742,1.3584,0.0646,14.9417,238.0222,3.2333
2020-05-30,1764,28,360,9987,44608,610,9375,34623,296729,1.3675,0.0651,15.0332,247.8222,3.3889
2020-05-31,2545,40,406,11876,47153,650,9781,36722,308605,1.3785,0.0665,15.2794,261.9611,3.6111
2020-06-01,2381,22,816,11439,49534,672,10597,38265,320044,1.3566,0.0634,15.4772,275.1889,3.7333
2020-06-02,2911,37,523,12704,52445,709,11120,40616,332748,1.3519,0.0638,15.7612,291.3611,3.9389
2020-06-03,2695,37,470,12510,55140,746,11590,42804,345258,1.3529,0.0644,15.9707,306.3333,4.1444
2020-06-04,2423,35,571,12694,57563,781,12161,44621,357952,1.3568,0.0642,16.0812,319.7944,4.3389
2020-06-05,2828,30,643,14088,60391,811,12804,46776,372040,1.3429,0.0633,16.2324,335.5056,4.5056
2020-06-06,2635,35,521,12486,63026,846,13325,48855,384526,1.3423,0.0635,16.3906,350.1444,4.7000
2020-06-07,2743,42,578,13136,65769,888,13903,50978,397662,1.3502,0.0639,16.5389,365.3833,4.9333
2020-06-08,2735,42,657,12944,68504,930,14560,53014,410606,1.3576,0.0639,16.6836,380.5778,5.1667
2020-06-09,3171,45,777,14664,71675,975,15337,55363,425270,1.3603,0.0636,16.8540,398.1944,5.4167
2020-06-10,3190,37,563,15965,74865,1012,15900,57953,441235,1.3518,0.0636,16.9671,415.9167,5.6222
2020-06-11,3187,37,848,15772,78052,1049,16748,60255,457007,1.3440,0.0626,17.0790,433.6222,5.8278
2020-06-12,3471,46,502,15990,81523,1095,17250,63178,472997,1.3432,0.0635,17.2354,452.9056,6.0833
2020-06-13,2856,44,578,16638,84379,1139,17828,65412,489635,1.3499,0.0639,17.2330,468.7722,6.3278
2020-06-14,3141,32,902,14505,87520,1171,18730,67619,504140,1.3380,0.0625,17.3603,486.2222,6.5056
2020-06-15,3099,38,15297,15038,90619,1209,34027,55383,519178,1.3342,0.0355,17.4543,503.4389,6.7167
2020-06-16,3862,53,2237,17214,94481,1262,36264,56955,536392,1.3357,0.0348,17.6142,524.8944,7.0111
2020-06-17,4008,43,1925,17527,98489,1305,38189,58995,553919,1.3250,0.0342,17.7804,547.1611,7.2500
2020-06-18,3803,38,1975,16259,102292,1343,40164,60785,570178,1.3129,0.0334,17.9404,568.2889,7.4611
2020-06-19,3243,45,2781,15045,105535,1388,42945,61202,585223,1.3152,0.0323,18.0333,586.3056,7.7111
2020-06-20,3240,37,1048,14031,108775,1425,43993,63357,599254,1.3100,0.0324,18.1517,604.3056,7.9167
2020-06-21,3531,39,1084,15585,112306,1464,45077,65765,614839,1.3036,0.0325,18.2659,623.9222,8.1333
2020-06-22,3480,38,1678,15555,115786,1502,46755,67529,630394,1.2972,0.0321,18.3672,643.2556,8.3444
2020-06-23,3412,43,880,16292,119198,1545,47635,70018,646686,1.2962,0.0324,18.4321,662.2111,8.5833
2020-06-24,3462,37,2031,16433,122660,1582,49666,71412,663119,1.2897,0.0319,18.4974,681.4444,8.7889
